service_id,monday,tuesday,wednesday,thursday,friday,saturday,sunday,start_date,end_date
2020-M01_APCA-Semaine-11,1,1,1,1,1,0,0,20200507,20200507
2020-M01_CPCA-Dimanche-11,0,0,0,0,0,0,1,20200508,20200524
2020-M01_BPCA-Samedi-11,0,0,0,0,0,1,0,20200509,20200523
2020-M01_APCA-Semaine-16,1,1,1,1,1,0,0,20200511,20200522
2020-M01_A-Lun-Mer-07,1,1,1,0,0,0,0,20200525,20200630
2020-M01_A-Jeu-Ven-08,0,0,0,1,1,0,0,20200528,20200626
2020-M01_A-Jeu-Ven-08-0001100,0,0,0,1,1,0,0,20200528,20200626
2020-M01_B-Samedi-02,0,0,0,0,0,1,0,20200530,20200627
2020-M01_C-Dimanche-04,0,0,0,0,0,0,1,20200531,20200628
2020-M02_APCA-Semaine-11,1,1,1,1,1,0,0,20200507,20200507
2020-M02_CPCA-Dimanche-11,0,0,0,0,0,0,1,20200508,20200524
2020-M02_BPCA-Samedi-11,0,0,0,0,0,1,0,20200509,20200523
2020-M02_APCA-Semaine-16,1,1,1,1,1,0,0,20200511,20200522
2020-M02_A-Lun-Mer-07,1,1,1,0,0,0,0,20200525,20200630
2020-M02_A-Jeu-Ven-08,0,0,0,1,1,0,0,20200528,20200626
2020-M02_A-Jeu-Ven-08-0001100,0,0,0,1,1,0,0,20200528,20200626
2020-M02_B-Samedi-02,0,0,0,0,0,1,0,20200530,20200627
2020-M02_C-Dimanche-03,0,0,0,0,0,0,1,20200531,20200628
2020-M04_APCA-Semaine-11,1,1,1,1,1,0,0,20200507,20200507
2020-M04_CPCA-Dimanche-11,0,0,0,0,0,0,1,20200508,20200524
2020-M04_BPCA-Samedi-11,0,0,0,0,0,1,0,20200509,20200523
2020-M04_APCA-Semaine-16,1,1,1,1,1,0,0,20200511,20200522
2020-M04_A-Lun-Mer-03,1,1,1,0,0,0,0,20200525,20200630
2020-M04_A-Jeu-Ven-04,0,0,0,1,1,0,0,20200528,20200626
2020-M04_A-Jeu-Ven-04-0001100,0,0,0,1,1,0,0,20200528,20200626
2020-M04_B3-Samedi-01,0,0,0,0,0,1,0,20200530,20200627
2020-M04_C3-Dimanche-01,0,0,0,0,0,0,1,20200531,20200628
2020-M05_APCA-Semaine-11,1,1,1,1,1,0,0,20200507,20200507
2020-M05_CPCA-Dimanche-11,0,0,0,0,0,0,1,20200508,20200524
2020-M05_BPCA-Samedi-11,0,0,0,0,0,1,0,20200509,20200523
2020-M05_APCA-Semaine-16,1,1,1,1,1,0,0,20200511,20200522
2020-M05_A-Lun-Mer-06,1,1,1,0,0,0,0,20200525,20200630
2020-M05_A-Jeu-Ven-07,0,0,0,1,1,0,0,20200528,20200626
2020-M05_A-Jeu-Ven-07-0001100,0,0,0,1,1,0,0,20200528,20200626
2020-M05_B-Samedi-03,0,0,0,0,0,1,0,20200530,20200627
2020-M05_C-Dimanche-05,0,0,0,0,0,0,1,20200531,20200628
2020-M07_APCA-Semaine-11,1,1,1,1,1,0,0,20200507,20200507
2020-M07_CPCA-Dimanche-11,0,0,0,0,0,0,1,20200508,20200510
2020-M07_BPCA-Samedi-11,0,0,0,0,0,1,0,20200509,20200509
2020-M07_APCA-Semaine-15,1,1,1,1,1,0,0,20200511,20200522
2020-M07_BPCA-Samedi-15,0,0,0,0,0,1,0,20200516,20200523
2020-M07_CPCA-Dimanche-15,0,0,0,0,0,0,1,20200517,20200524
2020-M07_A-Lun-Mer-01,1,1,1,0,0,0,0,20200525,20200630
2020-M07_A-Jeu-Ven-02,0,0,0,1,1,0,0,20200528,20200626
2020-M07_A-Jeu-Ven-02-0001100,0,0,0,1,1,0,0,20200528,20200626
2020-M07_B-Samedi-01,0,0,0,0,0,1,0,20200530,20200627
2020-M07_C-Dimanche-01,0,0,0,0,0,0,1,20200531,20200628
2020-M08_APCA-Semaine-11,1,1,1,1,1,0,0,20200507,20200507
2020-M08_CPCA-Dimanche-11,0,0,0,0,0,0,1,20200508,20200524
2020-M08_BPCA-Samedi-11,0,0,0,0,0,1,0,20200509,20200523
2020-M08_APCA-Semaine-16,1,1,1,1,1,0,0,20200511,20200522
2020-M08_A-Lun-Mer-05,1,1,1,0,0,0,0,20200525,20200630
2020-M08_A-Jeu-Ven-06,0,0,0,1,1,0,0,20200528,20200626
2020-M08_A-Jeu-Ven-06-0001100,0,0,0,1,1,0,0,20200528,20200626
2020-M08_B-Samedi-01,0,0,0,0,0,1,0,20200530,20200627
2020-M08_C-Dimanche-01,0,0,0,0,0,0,1,20200531,20200628
2020-M09_APCA-Semaine-11,1,1,1,1,1,0,0,20200507,20200507
2020-M09_CPCA-Dimanche-11,0,0,0,0,0,0,1,20200508,20200524
2020-M09_BPCA-Samedi-11,0,0,0,0,0,1,0,20200509,20200523
2020-M09_APC2-Semaine-16,1,1,1,1,1,0,0,20200511,20200522
2020-M09_A-Lun-Mer-05,1,1,1,0,0,0,0,20200525,20200630
2020-M09_A-Jeu-Ven-06,0,0,0,1,1,0,0,20200528,20200626
2020-M09_A-Jeu-Ven-06-0001100,0,0,0,1,1,0,0,20200528,20200626
2020-M09_B-Samedi-06,0,0,0,0,0,1,0,20200530,20200627
2020-M09_C-Dimanche-03,0,0,0,0,0,0,1,20200531,20200628
2020-M10_APCA-Semaine-11,1,1,1,1,1,0,0,20200507,20200507
2020-M10_CPCA-Dimanche-11,0,0,0,0,0,0,1,20200508,20200524
2020-M10_BPCA-Samedi-11,0,0,0,0,0,1,0,20200509,20200523
2020-M10_APCA-Semaine-17,1,1,1,1,1,0,0,20200511,20200522
2020-M10_A4-Lun-Mer-25,1,1,1,0,0,0,0,20200525,20200630
2020-M10_A4-Jeu-Ven-26,0,0,0,1,1,0,0,20200528,20200626
2020-M10_A4-Jeu-Ven-26-0001100,0,0,0,1,1,0,0,20200528,20200626
2020-M10_B-Samedi-06,0,0,0,0,0,1,0,20200530,20200627
2020-M10_C1-Dimanche-08,0,0,0,0,0,0,1,20200531,20200531
2020-M10_C2-Dimanche-07,0,0,0,0,0,0,1,20200607,20200628
2020-M11_APCA-Semaine-12,1,1,1,1,1,0,0,20200507,20200507
2020-M11_CPCA-Dimanche-12,0,0,0,0,0,0,1,20200508,20200524
2020-M11_BPCA-Samedi-12,0,0,0,0,0,1,0,20200509,20200523
2020-M11_APCA-Semaine-16,1,1,1,1,1,0,0,20200511,20200522
2020-M11_A2-Lun-Mer-03,1,1,1,0,0,0,0,20200525,20200630
2020-M11_A2-Jeu-Ven-04,0,0,0,1,1,0,0,20200528,20200626
2020-M11_A2-Jeu-Ven-04-0001100,0,0,0,1,1,0,0,20200528,20200626
2020-M11_B2-Samedi-01,0,0,0,0,0,1,0,20200530,20200627
2020-M11_C2-Dimanche-01,0,0,0,0,0,0,1,20200531,20200628
2020-M15_APCA-Semaine-11,1,1,1,1,1,0,0,20200507,20200507
2020-M15_CPCA-Dimanche-11,0,0,0,0,0,0,1,20200508,20200524
2020-M15_BPCA-Samedi-11,0,0,0,0,0,1,0,20200509,20200523
2020-M15_APCA-Semaine-16,1,1,1,1,1,0,0,20200511,20200522
2020-M15_A-Lun-Mer-07,1,1,1,0,0,0,0,20200525,20200630
2020-M15_A-Jeu-Ven-08,0,0,0,1,1,0,0,20200528,20200626
2020-M15_A-Jeu-Ven-08-0001100,0,0,0,1,1,0,0,20200528,20200626
2020-M15_B-Samedi-03,0,0,0,0,0,1,0,20200530,20200627
2020-M15_C-Dimanche-01,0,0,0,0,0,0,1,20200531,20200628
2020-M16_APCA-Semaine-12,1,1,1,1,1,0,0,20200507,20200507
2020-M16_CPCA-Dimanche-12,0,0,0,0,0,0,1,20200508,20200524
2020-M16_BPCA-Samedi-12,0,0,0,0,0,1,0,20200509,20200523
2020-M16_APCA-Semaine-16,1,1,1,1,1,0,0,20200511,20200522
2020-M16_A-Lun-Mer-07,1,1,1,0,0,0,0,20200525,20200630
2020-M16_A-Jeu-Ven-08,0,0,0,1,1,0,0,20200528,20200626
2020-M16_A-Jeu-Ven-08-0001100,0,0,0,1,1,0,0,20200528,20200626
2020-M16_B-Samedi-03,0,0,0,0,0,1,0,20200530,20200627
2020-M16_C-Dimanche-04,0,0,0,0,0,0,1,20200531,20200628
2020-M160_A-Semaine-04,1,1,1,1,1,0,0,20200507,20200507
2020-M20_APCA-Semaine-12,1,1,1,1,1,0,0,20200507,20200507
2020-M20_CPCA-Dimanche-12,0,0,0,0,0,0,1,20200508,20200524
2020-M20_BPCA-Samedi-12,0,0,0,0,0,1,0,20200509,20200523
2020-M20_APCA-Semaine-16,1,1,1,1,1,0,0,20200511,20200522
2020-M20_A-Semaine-02,1,1,1,1,1,0,0,20200525,20200630
2020-M20_B-Samedi-01,0,0,0,0,0,1,0,20200530,20200627
2020-M20_C-Dimanche-02,0,0,0,0,0,0,1,20200531,20200628
2020-M21_APCA-Semaine-10,1,1,1,1,1,0,0,20200507,20200507
2020-M21_C2-Dimanche-01,0,0,0,0,0,0,1,20200508,20200628
2020-M21_BPCA-Samedi-10,0,0,0,0,0,1,0,20200509,20200509
2020-M21_APCA-Semaine-15,1,1,1,1,1,0,0,20200511,20200522
2020-M21_B2-Samedi-01,0,0,0,0,0,1,0,20200516,20200627
2020-M21_A2-Semaine-01,1,1,1,1,1,0,0,20200525,20200630
2020-M22_APCA-Semaine-11,1,1,1,1,1,0,0,20200507,20200507
2020-M22_CPCA-Dimanche-11,0,0,0,0,0,0,1,20200508,20200510
2020-M22_BPCA-Samedi-11,0,0,0,0,0,1,0,20200509,20200509
2020-M22_APCA-Semaine-15,1,1,1,1,1,0,0,20200511,20200522
2020-M22_BPCA-Samedi-15,0,0,0,0,0,1,0,20200516,20200523
2020-M22_CPCA-Dimanche-15,0,0,0,0,0,0,1,20200517,20200524
2020-M22_A1-Semaine-01,1,1,1,1,1,0,0,20200525,20200630
2020-M22_B-Samedi-01,0,0,0,0,0,1,0,20200530,20200627
2020-M22_C-Dimanche-01,0,0,0,0,0,0,1,20200531,20200628
2020-M23_APCA-Semaine-12,1,1,1,1,1,0,0,20200507,20200507
2020-M23_CPCA-Dimanche-12,0,0,0,0,0,0,1,20200508,20200524
2020-M23_BPCA-Samedi-12,0,0,0,0,0,1,0,20200509,20200523
2020-M23_APCA-Semaine-16,1,1,1,1,1,0,0,20200511,20200522
2020-M23_A-Semaine-09,1,1,1,1,1,0,0,20200525,20200630
2020-M23_B-Samedi-06,0,0,0,0,0,1,0,20200530,20200627
2020-M23_C-Dimanche-04,0,0,0,0,0,0,1,20200531,20200628
2020-M25_APCA-Semaine-15,1,1,1,1,1,0,0,20200511,20200522
2020-M25_BPCA-Samedi-15,0,0,0,0,0,1,0,20200516,20200523
2020-M25_A1-Semaine-01,1,1,1,1,1,0,0,20200525,20200630
2020-M25_B1-Samedi-01,0,0,0,0,0,1,0,20200530,20200627
2020-M26_APCA-Semaine-16,1,1,1,1,1,0,0,20200511,20200522
2020-M26_A2-Semaine-02,1,1,1,1,1,0,0,20200525,20200630
2020-M26_B2-Samedi-02,0,0,0,0,0,1,0,20200530,20200627
2020-M26_C2-Dimanche-02,0,0,0,0,0,0,1,20200531,20200628
2020-M27_APCA-Semaine-11,1,1,1,1,1,0,0,20200507,20200507
2020-M27_CPCA-Dimanche-11,0,0,0,0,0,0,1,20200508,20200524
2020-M27_BPCA-Samedi-11,0,0,0,0,0,1,0,20200509,20200523
2020-M27_APCA-Semaine-16,1,1,1,1,1,0,0,20200511,20200522
2020-M27_A-Semaine-04,1,1,1,1,1,0,0,20200525,20200630
2020-M27_B-Samedi-01,0,0,0,0,0,1,0,20200530,20200627
2020-M27_C-Dimanche-01,0,0,0,0,0,0,1,20200531,20200628
2020-M29_APCA-Semaine-16,1,1,1,1,1,0,0,20200511,20200522
2020-M29_A2-Semaine-18,1,1,1,1,1,0,0,20200525,20200630
2020-M29_B2-Samedi-04,0,0,0,0,0,1,0,20200530,20200627
2020-M29_C2-Dimanche-07,0,0,0,0,0,0,1,20200531,20200628
2020-M30_APCA-Semaine-11,1,1,1,1,1,0,0,20200507,20200507
2020-M30_C-Dimanche-09,0,0,0,0,0,0,1,20200508,20200628
2020-M30_BPCA-Samedi-11,0,0,0,0,0,1,0,20200509,20200509
2020-M30_A-Semaine-15,1,1,1,1,1,0,0,20200511,20200522
2020-M30_BPCA-Samedi-15,0,0,0,0,0,1,0,20200516,20200523
2020-M30_A-Semaine-08,1,1,1,1,1,0,0,20200525,20200630
2020-M30_B-Samedi-07,0,0,0,0,0,1,0,20200530,20200627
2020-M32_APCA-Semaine-11,1,1,1,1,1,0,0,20200507,20200507
2020-M32_BPCA-Samedi-11,0,0,0,0,0,1,0,20200509,20200509
2020-M32_APCA-Semaine-15,1,1,1,1,1,0,0,20200511,20200522
2020-M32_B-Samedi-01,0,0,0,0,0,1,0,20200516,20200627
2020-M32_A-Semaine-01,1,1,1,1,1,0,0,20200525,20200630
2020-M35_APCA-Semaine-12,1,1,1,1,1,0,0,20200507,20200507
2020-M35_CPCA-Dimanche-12,0,0,0,0,0,0,1,20200508,20200524
2020-M35_BPCA-Samedi-12,0,0,0,0,0,1,0,20200509,20200523
2020-M33_APCA-Semaine-16,1,1,1,1,1,0,0,20200511,20200522
2020-M33_A-Semaine-07,1,1,1,1,1,0,0,20200525,20200630
2020-M33_B-Samedi-03,0,0,0,0,0,1,0,20200530,20200627
2020-M33_C-Dimanche-02,0,0,0,0,0,0,1,20200531,20200628
2020-M34_APCA-Semaine-16,1,1,1,1,1,0,0,20200511,20200522
2020-M34_A-Semaine-06,1,1,1,1,1,0,0,20200525,20200630
2020-M34_B-Samedi-03,0,0,0,0,0,1,0,20200530,20200627
2020-M36_APCA-Semaine-11,1,1,1,1,1,0,0,20200507,20200507
2020-M36_BPCA-Samedi-11,0,0,0,0,0,1,0,20200509,20200509
2020-M36_A3-Semaine-03,1,1,1,1,1,0,0,20200511,20200630
2020-M36_BPCA-Samedi-15,0,0,0,0,0,1,0,20200516,20200523
2020-M36_B-Samedi-03,0,0,0,0,0,1,0,20200530,20200627
2020-M37_APCA-L-Ma-J-V-16,1,1,0,1,1,0,0,20200511,20200522
2020-M37_APCA-L-Ma-J-V-16-1101100,1,1,0,1,1,0,0,20200511,20200522
2020-M37_APCA-Mercredi-16,0,0,1,0,0,0,0,20200513,20200520
2020-M37_APCA-Mercredi-16-0010000,0,0,1,0,0,0,0,20200513,20200520
2020-M37_A1-L-Ma-J-V-01,1,1,0,1,1,0,0,20200525,20200630
2020-M37_A1-L-Ma-J-V-01-1101100,1,1,0,1,1,0,0,20200525,20200630
2020-M37_A1-Mercredi-02,0,0,1,0,0,0,0,20200527,20200624
2020-M37_A1-Mercredi-02-0010000,0,0,1,0,0,0,0,20200527,20200624
2020-M37_B1-Samedi-01,0,0,0,0,0,1,0,20200530,20200627
2020-M38_APCA-Semaine-11,1,1,1,1,1,0,0,20200507,20200507
2020-M38_CPCA-Dimanche-11,0,0,0,0,0,0,1,20200508,20200510
2020-M38_BPCA-Samedi-11,0,0,0,0,0,1,0,20200509,20200509
2020-M38_APCA-Semaine-15,1,1,1,1,1,0,0,20200511,20200522
2020-M38_BPCA-Samedi-15,0,0,0,0,0,1,0,20200516,20200523
2020-M38_CPCA-Dimanche-15,0,0,0,0,0,0,1,20200517,20200524
2020-M38_A-L-Ma-J-V-03,1,1,0,1,1,0,0,20200525,20200630
2020-M38_A-L-Ma-J-V-03-1101100,1,1,0,1,1,0,0,20200525,20200630
2020-M38_A-Mercredi-04,0,0,1,0,0,0,0,20200527,20200624
2020-M38_A-Mercredi-04-0010000,0,0,1,0,0,0,0,20200527,20200624
2020-M38_B2-Samedi-01,0,0,0,0,0,1,0,20200530,20200627
2020-M38_C1-Dimanche-01,0,0,0,0,0,0,1,20200531,20200628
2020-M39_A3-Semaine-04,1,1,1,1,1,0,0,20200525,20200630
2020-M39_B3-Samedi-02,0,0,0,0,0,1,0,20200530,20200627
2020-M40_APCA-Semaine-11,1,1,1,1,1,0,0,20200507,20200507
2020-M40_APCA-Semaine-16,1,1,1,1,1,0,0,20200511,20200522
2020-M40_A-Semaine-02,1,1,1,1,1,0,0,20200525,20200630
2020-M40_B-Samedi-01,0,0,0,0,0,1,0,20200530,20200627
2020-M41_APCA-Semaine-11,1,1,1,1,1,0,0,20200507,20200507
2020-M41_BPCA-Samedi-11,0,0,0,0,0,1,0,20200509,20200523
2020-M41_APCA-Semaine-16,1,1,1,1,1,0,0,20200511,20200522
2020-M41_A-Semaine-03,1,1,1,1,1,0,0,20200525,20200630
2020-M41_B-Samedi-03,0,0,0,0,0,1,0,20200530,20200627
2020-M42_APCA-Semaine-16,1,1,1,1,1,0,0,20200511,20200522
2020-M42_A-Semaine-01,1,1,1,1,1,0,0,20200525,20200630
2020-M42_B-Samedi-01,0,0,0,0,0,1,0,20200530,20200627
2020-M43_APCA-Semaine-15,1,1,1,1,1,0,0,20200511,20200522
2020-M43_B-Samedi-01,0,0,0,0,0,1,0,20200516,20200627
2020-M43_C-Dimanche-01,0,0,0,0,0,0,1,20200517,20200628
2020-M43_A-Semaine-01,1,1,1,1,1,0,0,20200525,20200630
2020-M44_APCA-Semaine-11,1,1,1,1,1,0,0,20200507,20200507
2020-M44_BPCA-Samedi-11,0,0,0,0,0,1,0,20200509,20200509
2020-M44_A3-Semaine-01,1,1,1,1,1,0,0,20200511,20200630
2020-M44_B3-Samedi-01,0,0,0,0,0,1,0,20200516,20200627
2020-M45_APCA-Semaine-11,1,1,1,1,1,0,0,20200507,20200507
2020-M45_BPCA-Samedi-11,0,0,0,0,0,1,0,20200509,20200523
2020-M45_APCA-Semaine-16,1,1,1,1,1,0,0,20200511,20200522
2020-M45_A2-Semaine-02,1,1,1,1,1,0,0,20200525,20200630
2020-M45_B2-Samedi-01,0,0,0,0,0,1,0,20200530,20200627
2020-M45_C2-Dimanche-01,0,0,0,0,0,0,1,20200531,20200628
2020-M46_APCA-Semaine-10,1,1,1,1,1,0,0,20200507,20200507
2020-M46_BPCA-Samedi-10,0,0,0,0,0,1,0,20200509,20200509
2020-M46_A2-Semaine-01,1,1,1,1,1,0,0,20200511,20200630
2020-M46_B2-Samedi-01,0,0,0,0,0,1,0,20200516,20200627
2020-M47_A-Semaine-02,1,1,1,1,1,0,0,20200525,20200630
2020-M47_B-Samedi-01,0,0,0,0,0,1,0,20200530,20200627
2020-M47_C-Dimanche-01,0,0,0,0,0,0,1,20200607,20200607
2020-M49_APC2-Semaine-10,1,1,1,1,1,0,0,20200507,20200507
2020-M49_BPCA-Samedi-10,0,0,0,0,0,1,0,20200509,20200509
2020-M49_A-Semaine-01,1,1,1,1,1,0,0,20200511,20200630
2020-M49_B-Samedi-01,0,0,0,0,0,1,0,20200516,20200627
2020-M58_A-Jeu-Ven-02,0,0,0,1,1,0,0,20200528,20200626
2020-M58_B-Samedi-02,0,0,0,0,0,1,0,20200530,20200627
2020-M68_C-Dimanche-01,0,0,0,0,0,0,1,20200508,20200628
2020-M68_B-Samedi-01,0,0,0,0,0,1,0,20200509,20200627
2020-M69_A-Semaine-03,1,1,1,1,1,0,0,20200512,20200630
2020-M69_B-Samedi-01,0,0,0,0,0,1,0,20200516,20200627
2020-M69_C-Dimanche-01,0,0,0,0,0,0,1,20200517,20200628
2020-M71_APCA-Semaine-15,1,1,1,1,1,0,0,20200511,20200522
2020-M71_B1-Samedi-02,0,0,0,0,0,1,0,20200516,20200627
2020-M71_C2-Dimanche-02,0,0,0,0,0,0,1,20200517,20200628
2020-M71_A2-Semaine-03,1,1,1,1,1,0,0,20200525,20200630
2020-M71_A2-Semaine-03-1101100,1,1,0,1,1,0,0,20200525,20200630
2020-M72_A1-Semaine-03,1,1,1,1,1,0,0,20200511,20200630
2020-M72_B1-Samedi-02,0,0,0,0,0,1,0,20200516,20200627
2020-M73_A-Semaine-01,1,1,1,1,1,0,0,20200525,20200630
2020-M73_B-Samedi-01,0,0,0,0,0,1,0,20200530,20200627
2020-M73_C-Dimanche-01,0,0,0,0,0,0,1,20200531,20200628
2020-M75_C-Dimanche-01,0,0,0,0,0,0,1,20200508,20200628
2020-M76_A1-Semaine-01,1,1,1,1,1,0,0,20200511,20200630
2020-M76_B-Samedi-01,0,0,0,0,0,1,0,20200516,20200627
2020-M80_A-Semaine-01,1,1,1,1,1,0,0,20200511,20200630
2020-M80_A-Semaine-01-0010000,0,0,1,0,0,0,0,20200511,20200630
2020-M83_A1-Semaine-03,1,1,1,1,1,0,0,20200511,20200630
2020-M83_B-Samedi-03,0,0,0,0,0,1,0,20200516,20200627
2020-M84_APCA-Semaine-11,1,1,1,1,1,0,0,20200507,20200507
2020-M84_CPCA-Dimanche-11,0,0,0,0,0,0,1,20200508,20200510
2020-M84_BPCA-Samedi-11,0,0,0,0,0,1,0,20200509,20200509
2020-M84_A1-Semaine-01,1,1,1,1,1,0,0,20200511,20200630
2020-M84_B-Samedi-01,0,0,0,0,0,1,0,20200516,20200627
2020-M84_C-Dimanche-01,0,0,0,0,0,0,1,20200517,20200628
2020-M89_A-Semaine-01,1,1,1,1,1,0,0,20200511,20200630
2020-M89_B-Samedi-01,0,0,0,0,0,1,0,20200516,20200627
2020-M90_APCA-Semaine-11,1,1,1,1,1,0,0,20200507,20200507
2020-M90_CPCA-Dimanche-11,0,0,0,0,0,0,1,20200508,20200510
2020-M90_BPCA-Samedi-11,0,0,0,0,0,1,0,20200509,20200509
2020-M90_APCA-Semaine-15,1,1,1,1,1,0,0,20200511,20200522
2020-M90_APCA-Semaine-15-1111000,1,1,1,1,0,0,0,20200511,20200522
2020-M90_APCA-Semaine-15-0000100,0,0,0,0,1,0,0,20200511,20200522
2020-M90_B-Samedi-02,0,0,0,0,0,1,0,20200516,20200627
2020-M90_C-Dimanche-02,0,0,0,0,0,0,1,20200517,20200628
2020-M90_A-Semaine-02,1,1,1,1,1,0,0,20200525,20200630
2020-M90_A-Semaine-02-1111000,1,1,1,1,0,0,0,20200525,20200630
2020-M90_A-Semaine-02-0000100,0,0,0,0,1,0,0,20200525,20200630
2020-M90_A-Semaine-02-1101100,1,1,0,1,1,0,0,20200525,20200630
2020-M91_APCA-Semaine-12,1,1,1,1,1,0,0,20200507,20200507
2020-M91_C-Dimanche-02,0,0,0,0,0,0,1,20200508,20200628
2020-M91_BPCA-Samedi-12,0,0,0,0,0,1,0,20200509,20200509
2020-M91_A-Semaine-03,1,1,1,1,1,0,0,20200511,20200630
2020-M91_A-Semaine-03-1101100,1,1,0,1,1,0,0,20200511,20200630
2020-M91_A-Semaine-03-0010000,0,0,1,0,0,0,0,20200511,20200630
2020-M91_B-Samedi-02,0,0,0,0,0,1,0,20200516,20200627
2020-M93_A-Semaine-02,1,1,1,1,1,0,0,20200511,20200630
2020-M93_A-Semaine-02-0010000,0,0,1,0,0,0,0,20200511,20200630
2020-M93_A-Semaine-02-1101100,1,1,0,1,1,0,0,20200511,20200630
2020-MAFFN_A-Lun-Mer-01,1,1,1,0,0,0,0,20200525,20200630
2020-MAFFN_A-Jeu-Ven-02,0,0,0,1,1,0,0,20200528,20200626
2020-MAFFN_A-Jeu-Ven-02-0001100,0,0,0,1,1,0,0,20200528,20200626
2020-MAFFN_B-Samedi-01,0,0,0,0,0,1,0,20200530,20200627
2020-MAFFN_C-Dimanche-01,0,0,0,0,0,0,1,20200531,20200628
2020-MAFFS_A-Semaine-05,1,1,1,1,1,0,0,20200525,20200630
2020-MAFFS_A-Semaine-05-0010000,0,0,1,0,0,0,0,20200525,20200630
2020-MAFFS_A-Semaine-05-1101100,1,1,0,1,1,0,0,20200525,20200630
